'ί' : (0,0, 20,0), (6,0, 71,0), (11,0, 74,0) | (6,0, 5,0), (6,0, 15,0)
'α' : (44,0, 21,0), (34,0, 46,0), (16,0, 69,0), (0,0, 58,0), (4,0, 39,0), (14,0, 30,0), (26,0, 33,0), (39,0, 68,0), (47,0, 72,0)
'β' : (1,0, 78,0), (24,0, 71,0), (26,0, 59,0), (16,0, 54,0), (7,0, 51,0), (20,0, 32,0), (25,0, 16,0), (23,0, 5,0), (12,0, 9,0), (0,0, 64,0)
'γ' : (0,0, 39,0), (25,0, 103,0), (15,0, 106,0), (26,0, 40,0), (39,0, 34,0)
'δ' : (7,0, 62,0), (4,0, 64,0), (4,0, 71,0), (9,0, 74,0), (19,0, 71,0), (20,0, 62,0), (0,0, 17,0), (33,0, 2,0)
'ε' : (35,0, 55,0), (20,0, 59,0), (9,0, 59,0), (0,0, 47,0), (4,0, 41,0), (15,0, 34,0), (19,0, 34,0), (8,0, 29,0), (8,0, 25,0), (19,0, 19,0), (26,0, 17,0)
'ζ' : (0,0, 27,0), (49,0, 20,0), (53,0, 15,0), (49,0, 13,0), (20,0, 77,0), (53,0, 86,0), (40,0, 107,0)
'η' : (0,0, 23,0), (4,0, 26,0), (8,0, 47,0), (7,0, 48,0), (16,0, 27,0), (25,0, 26,0), (33,0, 56,0), (32,0, 58,0)
'θ' : (16,0, 55,0), (6,0, 51,0), (2,0, 54,0), (6,0, 65,0), (18,0, 71,0), (31,0, 13,0), (19,0, 4,0), (0,0, 18,0), (16,0, 45,0)
'κ' : (0,0, 26,0), (5,0, 76,0), (5,0, 57,0), (43,0, 22,0), (14,0, 50,0), (41,0, 68,0)
'λ' : (14,0, 3,0), (26,0, 115,0), (21,0, 135,0), (0,0, 130,0), (11,0, 114,0)
'ι' : (0,0, 20,0), (6,0, 71,0), (11,0, 74,0)
'μ' : (21,0, 99,0), (0,0, 23,0), (4,0, 41,0), (25,0, 55,0), (37,0, 36,0), (46,0, 40,0)
'ν' : (0,0, 31,0), (17,0, 57,0), (30,0, 30,0)
'ξ' : (0,0, 21,0), (28,0, 13,0), (27,0, 12,0), (13,0, 26,0), (13,0, 34,0), (28,0, 34,0), (27,0, 33,0), (21,0, 40,0), (0,0, 72,0), (8,0, 86,0), (25,0, 84,0), (33,0, 78,0), (19,0, 95,0)
'σ' : (37,0, 19,0), (0,0, 46,0), (2,0, 72,0), (21,0, 72,0), (26,0, 54,0), (16,0, 44,0)
'π' : (0,0, 27,0), (3,0, 57,0), (1,0, 66,0), (3,0, 27,0), (41,0, 28,0), (35,0, 60,0)
'ρ' : (0,0, 93,0), (8,0, 42,0), (29,0, 25,0), (40,0, 40,0), (20,0, 59,0), (12,0, 57,0)
'ο' : (2,0, 35,0), (0,0, 45,0), (5,0, 57,0), (17,0, 59,0), (29,0, 48,0), (30,0, 33,0), (22,0, 25,0), (10,0, 26,0), (3,0, 35,0)
'ς' : (10,0, 85,0), (25,0, 70,0), (24,0, 61,0), (14,0, 55,0), (0,0, 44,0), (0,0, 31,0), (11,0, 22,0), (21,0, 19,0)
'τ' : (0,0, 33,0), (46,0, 25,0), (22,0, 29,0), (26,0, 61,0), (35,0, 64,0)
'υ' : (2,0, 29,0), (0,0, 44,0), (4,0, 58,0), (14,0, 63,0), (27,0, 56,0), (31,0, 39,0), (28,0, 31,0), (32,0, 30,0)
'φ' : (5,0, 33,0), (0,0, 44,0), (5,0, 56,0), (26,0, 62,0), (45,0, 54,0), (50,0, 35,0), (40,0, 22,0), (25,0, 32,0), (17,0, 101,0), (17,0, 108,0)
'χ' : (0,0, 26,0), (12,0, 40,0), (36,0, 78,0), (50,0, 75,0), (36,0, 75,0), (19,0, 45,0), (31,0, 22,0), (34,0, 19,0), (0,0, 80,0)
'ψ' : (0,0, 22,0), (4,0, 47,0), (19,0, 63,0), (41,0, 43,0), (44,0, 24,0), (40,0, 31,0), (25,0, 58,0), (25,0, 20,0), (23,0, 95,0)
'ω' : (5,0, 28,0), (0,0, 44,0), (7,0, 63,0), (20,0, 67,0), (32,0, 49,0), (30,0, 50,0), (38,0, 63,0), (51,0, 61,0), (59,0, 38,0), (57,0, 23,0)
'o' : (48,0, 17,0), (0,0, 41,0), (16,0, 89,0), (73,0, 78,0), (73,0, 51,0), (45,0, 17,0) | (12,0, 0,0), (47,0, 2,0)